Real Sociedad,1,26,13,7,1,23,+17
Atlético Madrid,2,26,11,8,1,21,+17
Real Madrid,3,23,12,7,3,19,+7
Villarreal,4,22,13,5,1,16,+4
Sevilla,5,19,11,6,4,13,+4
Granada,6,18,12,5,4,15,-5
Cádiz,7,18,13,5,5,11,-6
Barcelona,8,17,11,5,4,21,+10
Celta Vigo,9,16,13,4,5,17,-3
Betis,10,16,13,5,7,15,-9
Eibar,11,15,13,3,4,9,-1
Valencia,12,14,13,3,5,19,0
Athletic Club,13,14,12,4,6,14,0
Elche,14,14,11,3,3,9,-2
Alavés,15,14,13,3,5,11,-3
Getafe,16,13,12,3,5,9,-5
Valladolid,17,13,13,3,6,14,-6
Levante,18,11,12,2,5,13,-3
Huesca,19,11,13,1,4,12,-8
Osasuna,20,11,12,3,7,10,-8
